14.00 2.00 14.67 0.00 -0.00 0.00 0.00 0.00 14.67 519.84 0.17 Solved
14.00 9.33 14.67 0.00 0.00 0.00 0.00 0.00 14.67 486.94 0.10 Solved
14.00 16.67 14.67 0.00 0.00 0.00 0.00 0.00 14.67 455.11 0.12 Solved
14.00 24.00 14.67 0.00 0.00 0.00 0.00 0.00 14.67 424.36 0.12 Solved
14.00 31.33 14.67 0.00 -0.00 0.00 0.00 0.00 14.67 394.68 0.10 Solved
14.00 38.67 14.67 0.00 -0.00 0.00 0.00 0.00 14.67 366.08 0.11 Solved
14.00 46.00 14.67 0.00 -0.00 0.00 0.00 0.00 14.67 338.56 0.10 Solved
14.00 53.33 14.67 0.00 -0.00 -0.00 -0.00 -0.00 14.67 312.11 1.64 Solved
14.00 60.67 14.67 -0.00 -0.01 0.05 0.02 -6.03 14.66 286.76 1.50 Solved
14.00 68.00 14.66 0.02 -0.00 0.23 0.10 -31.52 14.66 264.72 1.73 Solved
14.17 75.33 14.66 0.14 -0.00 0.19 0.09 -33.74 14.67 303.28 1.65 Solved
15.18 82.59 14.66 0.23 0.00 0.15 0.07 -36.52 14.67 409.23 1.75 Solved
16.88 89.72 14.66 0.31 0.00 0.10 0.05 -39.84 14.67 550.87 1.91 Solved
19.10 96.71 14.66 0.36 0.00 0.08 0.03 -42.89 14.67 698.04 1.71 Solved
21.68 103.57 14.66 0.40 0.00 0.04 0.02 -46.15 14.67 850.15 1.82 Solved
24.52 110.33 14.67 0.42 0.00 0.00 0.00 -49.30 14.67 990.64 1.56 Solved
27.51 117.02 14.67 0.42 0.00 -0.00 -0.00 -53.79 14.67 1086.71 1.29 Solved
30.51 123.72 14.67 0.42 0.00 -0.00 -0.00 -58.87 14.67 1201.28 1.60 Solved
33.51 130.41 14.67 0.42 0.00 -0.00 -0.00 -64.55 14.67 1342.07 1.70 Solved
36.50 137.10 14.67 0.42 -0.00 -0.19 -0.09 -30.00 14.67 1515.88 1.45 Solved
39.50 143.80 14.67 0.32 -0.00 -0.18 -0.08 -30.00 14.67 1311.99 1.59 Solved
41.84 150.75 14.66 0.23 -0.00 -0.18 -0.08 -30.00 14.67 1140.42 1.57 Solved
43.53 157.88 14.66 0.14 -0.00 -0.18 -0.08 -30.00 14.67 989.31 1.29 Solved
44.58 165.14 14.66 0.05 -0.00 -0.19 -0.09 -30.00 14.66 847.58 1.42 Solved
44.96 172.46 14.66 -0.05 -0.01 -0.23 -0.10 -30.00 14.66 702.29 1.38 Solved
