14.00 2.00 14.67 0.00 -0.01 0.13 0.06 -15.55 14.66 519.98 1.71 Solved
14.00 9.33 14.66 0.07 0.00 0.13 0.06 -20.50 14.67 501.26 1.52 Solved
14.48 16.65 14.67 0.13 0.00 0.11 0.05 -21.42 14.67 513.76 3.76 Solved
15.44 23.92 14.67 0.19 0.00 0.09 0.04 -22.41 14.67 546.74 3.89 Solved
16.80 31.13 14.67 0.23 -0.00 0.06 0.03 -25.63 14.67 590.09 3.85 Solved
18.46 38.27 14.67 0.26 0.00 0.05 0.02 -27.52 14.67 627.28 3.36 Solved
20.33 45.36 14.67 0.28 0.00 0.04 0.02 -28.95 14.67 667.03 5.60 Solved
22.36 52.40 14.67 0.30 -0.00 0.03 0.01 -31.46 14.67 710.22 5.43 Solved
24.53 59.41 14.66 0.31 0.00 0.12 0.06 -46.23 14.67 755.76 5.72 Solved
26.79 66.38 14.66 0.38 0.00 0.10 0.05 -48.59 14.67 947.60 5.87 Solved
29.49 73.20 14.66 0.43 0.00 0.07 0.03 -50.82 14.67 1154.10 6.10 Solved
32.52 79.88 14.66 0.46 0.00 0.04 0.02 -52.62 14.67 1356.83 9.53 Solved
35.80 86.44 14.66 0.48 0.00 -0.00 -0.00 -54.42 14.67 1526.23 9.11 Solved
39.20 92.93 14.67 0.48 0.00 -0.00 -0.00 -57.86 14.67 1642.15 9.33 Solved
42.60 99.43 14.67 0.48 0.00 -0.00 -0.00 -61.59 14.67 1777.82 8.34 Solved
46.00 105.92 14.67 0.48 0.00 -0.00 -0.00 -65.60 14.67 1936.35 9.32 Solved
49.41 112.42 14.67 0.48 0.00 -0.00 -0.00 -69.88 14.67 2121.39 8.78 Solved
52.81 118.92 14.67 0.48 -0.00 -0.22 -0.10 -30.00 14.67 2337.94 7.99 Solved
56.21 125.42 14.67 0.37 -0.00 -0.20 -0.09 -30.00 14.67 2013.80 9.12 Solved
58.89 132.24 14.66 0.28 -0.00 -0.18 -0.08 -30.00 14.67 1754.74 9.77 Solved
60.89 139.29 14.66 0.18 -0.00 -0.17 -0.08 -30.00 14.67 1542.71 8.70 Solved
62.23 146.50 14.66 0.10 -0.00 -0.17 -0.08 -30.00 14.67 1364.13 9.54 Solved
62.95 153.80 14.66 0.01 -0.00 -0.17 -0.08 -30.00 14.67 1208.15 5.56 Solved
63.06 161.13 14.66 -0.07 -0.00 -0.16 -0.07 -30.00 14.66 1065.28 4.77 Solved
62.56 168.44 14.66 -0.15 0.00 0.00 0.00 -67.47 14.67 947.43 5.56 Solved
61.47 175.70 14.67 -0.15 0.00 0.00 0.00 -77.23 14.67 1118.54 5.70 Solved
60.39 182.95 14.67 -0.15 0.00 0.00 0.00 -87.80 14.67 1346.20 5.77 Solved
59.30 190.20 14.67 -0.15 -0.00 -0.04 -0.02 -90.00 14.67 1652.34 2.92 Solved
58.22 197.45 14.66 -0.17 -0.01 -0.05 -0.02 -90.00 14.66 1970.71 2.86 Solved
57.00 204.68 14.66 -0.19 -0.01 -0.03 -0.01 -90.00 14.66 2364.76 3.19 Solved
55.58 211.88 14.66 -0.21 -2.00 0.52 0.24 -62.81 11.73 3156.33 2.41 Infeasible
54.05 219.04 13.66 0.05 -2.00 0.32 0.14 -65.74 11.73 6271.84 30.63 Infeasible
